proj:       3
zone:       0
north:      55:47:50.2512N
south:      55:47:42.9648N
east:       49:06:42.9552E
west:       49:06:33.8796E
cols:       91
rows:       73
e-w resol:  0:00:00.099732
n-s resol:  0:00:00.099814
top:        1.000000000000000
bottom:     0.000000000000000
cols3:      91
rows3:      73
depths:     1
e-w resol3: 0:00:00.099732
n-s resol3: 0:00:00.099814
t-b resol:  1
