proj:       3
zone:       0
north:      55:55:42.3588N
south:      55:41:15.5364N
east:       49:25:38.964E
west:       48:39:05.6916E
cols:       27933
rows:       8668
e-w resol:  0:00:00.099999
n-s resol:  0:00:00.100003
format:     0
compressed: 2
